world: 67348746-3087-47ad-9f01-76f137407257
world-name: parkour
x: 830.3878585649687
y: -6.0
z: 819.5384611139194
yaw: -48.351287841796875
pitch: 22.349348068237305
name: admin
lastowner: 75274f2b-c381-4615-8cb3-1b3a0acac583
