world: 67348746-3087-47ad-9f01-76f137407257
world-name: parkour
x: 918.4363460069261
y: 64.0
z: 1384.5216614387318
yaw: 7.2046003341674805
pitch: 18.066293716430664
name: FuglensFirstCourse
lastowner: f9dd5e0f-0d65-4f18-b6a9-6142898c4883
