world: parkour
x: 182.52325553717756
y: 4.0
z: 248.4299453981829
yaw: 179.27759
pitch: 3.1505752
name: Main
lastowner: 16c1ecbb-e276-3f77-9a95-7057f7435ac9
