world: 67348746-3087-47ad-9f01-76f137407257
world-name: parkour
x: 9722.5
y: 9.0
z: 9881.5
yaw: 39.33378601074219
pitch: 1.0505260229110718
name: Netherdream
lastowner: f9dd5e0f-0d65-4f18-b6a9-6142898c4883
