world: 67348746-3087-47ad-9f01-76f137407257
world-name: parkour
x: 127.47529008932541
y: 14.0
z: -241.46187687116824
yaw: -2.7506346702575684
pitch: 84.44994354248047
name: Tutorial
lastowner: 75274f2b-c381-4615-8cb3-1b3a0acac583
