spawns:
  default:
    world: 63c1f24b-425e-4879-bc83-43ffad7f9d38
    world-name: world
    x: 0.5
    y: 63.0
    z: 0.5
    yaw: 89.34274291992188
    pitch: -2.9533655643463135
