spawns: 
  default: 
    world: Creative
    x: -11.380097598467426
    y: 158.0
    z: -5.468684151059715
    yaw: -86.9541
    pitch: 0.8998241
