world: parkour
x: -262.65459368317073
y: 10.0
z: 119.48071398131476
yaw: 94.309204
pitch: 17.849834
name: FloatingIslands
lastowner: 75274f2b-c381-4615-8cb3-1b3a0acac583
