world: Parkour
x: -81.48399096789133
y: 17.0
z: -303.2910802647769
yaw: -5.9055243
pitch: 82.649925
name: Rainbow
lastowner: 16c1ecbb-e276-3f77-9a95-7057f7435ac9
