world: 67348746-3087-47ad-9f01-76f137407257
world-name: parkour
x: 9995.5
y: 12.0
z: 9941.5
yaw: -0.4244670569896698
pitch: 3.052485704421997
name: shipwool
lastowner: f9dd5e0f-0d65-4f18-b6a9-6142898c4883
