world: 67348746-3087-47ad-9f01-76f137407257
world-name: parkour
x: 193.46703097501387
y: 17.0
z: 5.529406878382885
yaw: -31.240657806396484
pitch: 22.199600219726562
name: Standard
lastowner: 75274f2b-c381-4615-8cb3-1b3a0acac583
