world: 5da1f80c-3cd5-4695-b1e4-e71902be7931
world-name: world_lobby
x: 0.607062015427585
y: 65.0
z: 0.7534485972996263
yaw: -57.67724609375
pitch: 8.790855407714844
name: newlobby
lastowner: f9dd5e0f-0d65-4f18-b6a9-6142898c4883
