spawns:
  default:
    world: 8448c443-a349-4112-a0e2-997352f9dafc
    world-name: world
    x: 0.5
    y: 120.0
    z: 0.5
    yaw: 69.66204071044922
    pitch: 1.5841854810714722
