spawns:
  default:
    world: 67348746-3087-47ad-9f01-76f137407257
    x: 851.483884367155
    y: 70.0
    z: 851.7079881379005
    yaw: -0.6409912109375
    pitch: -0.300229549407959
    world-name: parkour
